github.com/AlDanial/cloc v 2.02  T=9.01 s (199.7 files/s, 14111.4 lines/s)
-------------------------------------------------------------------------------
Language                     files          blank        comment           code
-------------------------------------------------------------------------------
Python                         709           8419           7324          45226
TypeScript                     264           3545            142          36872
XML                             80             32              5           6481
C/C++ Header                    42            535            516           5379
JSON                            49              7              0           3054
JavaScript                      12             29            118           2261
D                              451              0              0           2202
Markdown                        75            650              0           1461
Bourne Shell                    38            246            197            858
YAML                            19              8              0            405
Gradle                           8             27             13            159
TOML                             6             15              2            135
Swift                            2             49             31            123
Dockerfile                       3             26              5             91
DOS Batch                        1             21              2             69
HTML                             2              6              0             58
Ruby                             5              3              0             45
Java                             3             11             11             27
CSS                              3              2              0             25
Objective-C                      5              0              0             25
Text                             6              0              0             24
C                                5              5              0             20
make                             1              9              0             19
Mako                             1              7              0             17
INI                              3              2              0             12
Properties                       4              7             25             11
SVG                              1              0              0              1
ProGuard                         1              3             18              0
-------------------------------------------------------------------------------
SUM:                          1799          13664           8409         105060
-------------------------------------------------------------------------------
