github.com/AlDanial/cloc v 2.02  T=14.28 s (135.3 files/s, 9204.1 lines/s)
-------------------------------------------------------------------------------
Language                     files          blank        comment           code
-------------------------------------------------------------------------------
Python                         709           8427           7327          45276
TypeScript                     267           3607            151          37328
XML                             93             24              5           7803
C/C++ Header                    42            535            516           5379
JSON                            60              7              0           3710
YAML                            28              9              0           2849
D                              553              0              0           2645
Markdown                        76            648              0           1454
JavaScript                       9             29             98           1194
Bourne Shell                    38            246            197            856
Gradle                           8             26             13            156
TOML                             6             15              2            135
Swift                            2             49             31            123
Dockerfile                       3             26              5             92
DOS Batch                        1             21              2             69
Ruby                             5              3              0             45
Text                             7              0              0             39
HTML                             1              1              0             23
C                                5              5              0             20
CSS                              2              2              0             20
Objective-C                      4              0              0             20
make                             1              9              0             19
Mako                             1              7              0             17
INI                              3              2              0             12
Properties                       4              7             25             11
Java                             1              2              0              3
SVG                              1              0              0              1
ProGuard                         1              3             18              0
-------------------------------------------------------------------------------
SUM:                          1931          13710           8390         109299
-------------------------------------------------------------------------------
